34
0.0 0.0
0.001 0.0
0.0977419 0.24699127237127882
0.194484 0.3089495453825878
0.291226 0.3562108774153634
0.387968 0.3961461357323018
0.48471 0.428897406154055
0.581452 0.45867269452487575
0.678194 0.4870044116583539
0.774935 0.5095723665883866
0.871677 0.530768511958201
0.968419 0.5551448841523015
1.06516 0.5760941762529699
1.1619 0.5972022870653506
1.25865 0.6154685664619998
1.35539 0.6342188921711744
1.45213 0.6521336083515276
1.54887 0.6656859275793922
1.64561 0.6802556755853304
1.74235 0.6935005351276315
1.8391 0.7089492486756537
1.93584 0.718502464441471
2.03258 0.730685389165559
2.12932 0.7447234222449206
2.22606 0.7622458642575324
2.32281 0.7712828329582686
2.41955 0.780253617612234
2.51629 0.7932718643584241
2.61303 0.8093097941768723
2.70977 0.8693779980158471
2.80652 0.9604733519825909
2.90326 0.9978338726259787
3.0 1.0
3.1 1.0
