34
0.0 0.0
0.001 0.0
0.0977419 0.22724266844147797
0.194484 0.2873811067294901
0.291226 0.3338679150486173
0.387968 0.37581121313547466
0.48471 0.41062030105804587
0.581452 0.44264799372735186
0.678194 0.473069084579765
0.774935 0.5025845605951299
0.871677 0.5302564313312664
0.968419 0.5505923708339902
1.06516 0.5675575387423482
1.1619 0.5865312470947781
1.25865 0.6035962982555012
1.35539 0.6227468696272971
1.45213 0.6459203855804266
1.54887 0.6582343918635994
1.64561 0.6707976301658448
1.74235 0.6857161686829168
1.8391 0.7021659831120625
1.93584 0.7139760124831513
2.03258 0.7269151786709915
2.12932 0.7512152754720461
2.22606 0.772582072284302
2.32281 0.8017147042631305
2.41955 0.8139643101552902
2.51629 0.8229883335058195
2.61303 0.8343885558751073
2.70977 0.898802979658247
2.80652 0.9614367451591329
2.90326 0.9935331482845314
3.0 1.0
3.1 1.0