34
0.0 0.0
0.001 0.0
0.0977419 0.05414144895292733
0.194484 0.07478163826707111
0.291226 0.09150951347470529
0.387968 0.1058223887788782
0.48471 0.11881700212968906
0.581452 0.13162424320446
0.678194 0.14487653965719433
0.774935 0.15794093557824726
0.871677 0.17051046161434344
0.968419 0.18223462014734795
1.06516 0.19282759846242747
1.1619 0.20484375030127083
1.25865 0.21780508354666725
1.35539 0.2356818883617808
1.45213 0.2505373086225558
1.54887 0.2604922861866143
1.64561 0.27287198355793757
1.74235 0.2827097411951473
1.8391 0.2950387524376688
1.93584 0.30669996931098864
2.03258 0.32714335698589175
2.12932 0.3525958231301858
2.22606 0.3852755660080914
2.32281 0.40273248682655904
2.41955 0.41505296674047026
2.51629 0.4256237847313889
2.61303 0.44434376478868187
2.70977 0.5994948238474777
2.80652 0.8523451790346853
2.90326 0.976814093923906
3.0 1.0
3.1 1.0