34
0.0 0.0
0.001 0.0
0.0977419 0.05246327029369557
0.194484 0.07041544707938449
0.291226 0.0859650517199733
0.387968 0.10040823612157038
0.48471 0.11170794910413621
0.581452 0.12431722353258788
0.678194 0.1368931517213942
0.774935 0.14843294874891663
0.871677 0.15865430384063434
0.968419 0.16905109301069926
1.06516 0.17900665503914526
1.1619 0.19018439449267543
1.25865 0.20283078936898796
1.35539 0.21653915763224832
1.45213 0.23056531422725535
1.54887 0.2421613247559642
1.64561 0.2511714254251979
1.74235 0.2604542903422897
1.8391 0.27071636248028536
1.93584 0.2839539759729465
2.03258 0.30210751786754575
2.12932 0.3265121698233849
2.22606 0.34875562135011867
2.32281 0.3633305478196621
2.41955 0.3739317658676594
2.51629 0.387671082638287
2.61303 0.40966255026357296
2.70977 0.5673773870756903
2.80652 0.8604344424473209
2.90326 0.9766218882763325
3.0 1.0
3.1 1.0