34
0.0 0.0
0.001 0.0
0.0977419 0.25620422032330586
0.194484 0.3238367465749831
0.291226 0.3760771378769817
0.387968 0.42308116525496514
0.48471 0.4603796083351629
0.581452 0.496318448743649
0.678194 0.5275612432495016
0.774935 0.554715600077591
0.871677 0.578447140298378
0.968419 0.6006482687707094
1.06516 0.6196706103789315
1.1619 0.6404565894670727
1.25865 0.6580289622402593
1.35539 0.6767004083370951
1.45213 0.6960554430456375
1.54887 0.7102021220562242
1.64561 0.7237070192831009
1.74235 0.7383405834309724
1.8391 0.7505389585655038
1.93584 0.7660162925424618
2.03258 0.7782051554492748
2.12932 0.7932009475773576
2.22606 0.80993225152439
2.32281 0.8209280344620167
2.41955 0.8307034338138582
2.51629 0.8391641493471025
2.61303 0.8589255675620545
2.70977 0.9175882392277382
2.80652 0.9702365994074328
2.90326 0.9994842922255541
3.0 1.0
3.1 1.0
